---
version:
  config: 1490909420
  puppet: 4.9.4
resources:
  changed: 0
  corrective_change: 0
  failed: 1
  failed_to_restart: 0
  out_of_sync: 1
  restarted: 0
  scheduled: 0
  skipped: 1
  total: 9
time:
  config_retrieval: 0.185520337
  filebucket: 7.4551e-05
  group: 0.006430034
  schedule: 0.000339915
  total: 0.192364837
  last_run: 1490909420
changes:
  total: 0
events:
  failure: 1
  success: 0
  total: 1
